2025-07-30 10:39:02.568122 | Job console starting...
2025-07-30 10:39:02.604208 | Updating repositories
2025-07-30 10:39:03.200560 | Preparing job workspace
2025-07-30 10:39:22.029983 | Running Ansible setup...
2025-07-30 10:39:24.697986 | PRE-RUN START: [trusted : cinderci-sf.dev.purestorage.com/thirdparty-ci-config/playbooks/base/pre.yaml@master]
2025-07-30 10:39:25.165308 | 
2025-07-30 10:39:25.165412 | PLAY [localhost]
2025-07-30 10:39:25.172170 | 
2025-07-30 10:39:25.172247 | TASK [Gathering Facts]
2025-07-30 10:39:25.903260 | localhost | ok
2025-07-30 10:39:25.915030 | 
2025-07-30 10:39:25.915157 | TASK [Setup log path fact]
2025-07-30 10:39:25.930917 | localhost | ok
2025-07-30 10:39:25.941118 | 
2025-07-30 10:39:25.941201 | TASK [set-zuul-log-path-fact : Set log path for a build]
2025-07-30 10:39:25.956961 | localhost | ok
2025-07-30 10:39:25.963230 | 
2025-07-30 10:39:25.963314 | TASK [emit-job-header : Print job information]
2025-07-30 10:39:25.988869 | # Job Information
2025-07-30 10:39:25.988995 | Ansible Version: 2.15.10
2025-07-30 10:39:25.989023 | Job: pure-devstack-cinder-tempest-nvme-tcp-aio-noble
2025-07-30 10:39:25.989043 | Pipeline: thirdparty-check
2025-07-30 10:39:25.989061 | Executor: managesf.cinderci-sf.dev.purestorage.com
2025-07-30 10:39:25.989078 | Triggered by: https://review.opendev.org/c/openstack/cinder/+/915935
2025-07-30 10:39:25.989106 | Log URL (when completed): http://openstack-logs.purestorage.com/bfe/third-party-ci/bfe5c7f8369f4c8e92d414c8a50e536e/
2025-07-30 10:39:25.989125 | Event ID: f6a6a0c635f84c2abed546e35a9b6af7
2025-07-30 10:39:25.992428 | 
2025-07-30 10:39:25.992502 | LOOP [emit-job-header : Print node information]
2025-07-30 10:39:26.074074 | localhost | ok:
2025-07-30 10:39:26.074217 | localhost | # Node Information
2025-07-30 10:39:26.074243 | localhost | Inventory Hostname: controller
2025-07-30 10:39:26.074259 | localhost | Hostname: np0000031986
2025-07-30 10:39:26.074282 | localhost | Username: zuul
2025-07-30 10:39:26.074300 | localhost | Distro: Ubuntu 24.04
2025-07-30 10:39:26.074314 | localhost | Provider: cinderci
2025-07-30 10:39:26.074327 | localhost | Region: cinderci
2025-07-30 10:39:26.074340 | localhost | Label: dsvm-noble-NVME-TCP-aio
2025-07-30 10:39:26.074352 | localhost | Product Name: OpenStack Nova
2025-07-30 10:39:26.074365 | localhost | Interface IP: 192.168.1.149
2025-07-30 10:39:26.081750 | 
2025-07-30 10:39:26.081829 | TASK [log-inventory : Ensure Zuul Ansible directory exists]
2025-07-30 10:39:26.377028 | localhost -> localhost | changed
2025-07-30 10:39:26.381530 | 
2025-07-30 10:39:26.381610 | TASK [log-inventory : Copy ansible inventory to logs dir]
2025-07-30 10:39:27.020315 | localhost -> localhost | changed
2025-07-30 10:39:27.036328 | 
2025-07-30 10:39:27.036409 | PLAY [all]
2025-07-30 10:39:27.050021 | 
2025-07-30 10:39:27.050147 | TASK [include_role : start-zuul-console]
2025-07-30 10:39:27.066914 | controller | ok
2025-07-30 10:39:27.078747 | 
2025-07-30 10:39:27.078818 | TASK [start-zuul-console : Start zuul_console daemon.]
2025-07-30 10:39:27.348080 | controller | ok
2025-07-30 10:39:27.356868 | 
2025-07-30 10:39:27.356944 | TASK [include_role : validate-host]
2025-07-30 10:39:27.373754 | controller | ok
2025-07-30 10:39:27.389650 | 
2025-07-30 10:39:27.389727 | TASK [validate-host : Define zuul_info_dir fact]
2025-07-30 10:39:27.416776 | controller | ok
2025-07-30 10:39:27.421423 | 
2025-07-30 10:39:27.421500 | TASK [validate-host : Ensure Zuul Ansible directory exists]
2025-07-30 10:39:27.605719 | controller -> localhost | ok
2025-07-30 10:39:27.611334 | 
2025-07-30 10:39:27.611418 | TASK [validate-host : Collect information about the host]
2025-07-30 10:39:28.205528 | controller | ok
2025-07-30 10:39:28.213838 | 
2025-07-30 10:39:28.213908 | TASK [validate-host : Sanitize hostname]
2025-07-30 10:39:28.250381 | controller | ok
2025-07-30 10:39:28.254743 | 
2025-07-30 10:39:28.254815 | TASK [validate-host : Write out all ansible variables/facts known for each host]
2025-07-30 10:39:28.630441 | controller -> localhost | changed
2025-07-30 10:39:28.635581 | 
2025-07-30 10:39:28.635672 | TASK [validate-host : Collect information about zuul worker]
2025-07-30 10:39:28.925458 | controller | ok
2025-07-30 10:39:28.951734 | 
2025-07-30 10:39:28.951827 | TASK [validate-host : Write out all zuul information for each host]
2025-07-30 10:39:29.288594 | controller -> localhost | changed
2025-07-30 10:39:29.297216 | 
2025-07-30 10:39:29.297308 | TASK [include_role : prepare-workspace]
2025-07-30 10:39:29.324200 | controller | ok
2025-07-30 10:39:29.339758 | 
2025-07-30 10:39:29.339844 | TASK [prepare-workspace : Start zuul_console daemon.]
2025-07-30 10:39:29.518253 | controller | ok
2025-07-30 10:39:29.523141 | 
2025-07-30 10:39:29.523217 | TASK [prepare-workspace : Synchronize src repos to workspace directory.]
2025-07-30 10:40:38.887982 | controller | Output suppressed because no_log was given
2025-07-30 10:40:38.895391 | 
2025-07-30 10:40:38.895461 | TASK [include_role : add-build-sshkey]
2025-07-30 10:40:38.913830 | controller | ok
2025-07-30 10:40:38.930133 | 
2025-07-30 10:40:38.930204 | TASK [add-build-sshkey : Check to see if ssh key was already created for this build]
2025-07-30 10:40:39.105016 | controller -> localhost | ok
2025-07-30 10:40:39.110410 | 
2025-07-30 10:40:39.110505 | TASK [add-build-sshkey : Create a new key in workspace based on build UUID]
2025-07-30 10:40:39.127537 | controller | ok
2025-07-30 10:40:39.139512 | controller | included: /var/lib/zuul/builds/bfe5c7f8369f4c8e92d414c8a50e536e/trusted/project_1/opendev.org/zuul/zuul-jobs/roles/add-build-sshkey/tasks/create-key-and-replace.yaml
2025-07-30 10:40:39.146813 | 
2025-07-30 10:40:39.146911 | TASK [add-build-sshkey : Create Temp SSH key]
2025-07-30 10:40:39.533944 | controller -> localhost | Generating public/private rsa key pair.
2025-07-30 10:40:39.534156 | controller -> localhost | Your identification has been saved in /var/lib/zuul/builds/bfe5c7f8369f4c8e92d414c8a50e536e/work/bfe5c7f8369f4c8e92d414c8a50e536e_id_rsa.
2025-07-30 10:40:39.534197 | controller -> localhost | Your public key has been saved in /var/lib/zuul/builds/bfe5c7f8369f4c8e92d414c8a50e536e/work/bfe5c7f8369f4c8e92d414c8a50e536e_id_rsa.pub.
2025-07-30 10:40:39.534222 | controller -> localhost | The key fingerprint is:
2025-07-30 10:40:39.534247 | controller -> localhost | SHA256:xL4B3BGHvamSQXpQDSgnun4eDpuOwHqtTVySha2c3C8 zuul-build-sshkey
2025-07-30 10:40:39.534281 | controller -> localhost | The key's randomart image is:
2025-07-30 10:40:39.534306 | controller -> localhost | +---[RSA 3072]----+
2025-07-30 10:40:39.534328 | controller -> localhost | |     oooo+.      |
2025-07-30 10:40:39.534358 | controller -> localhost | |  o ++.ooo.      |
2025-07-30 10:40:39.534381 | controller -> localhost | | . +.+= +  o     |
2025-07-30 10:40:39.534402 | controller -> localhost | |.  o.*o+  o      |
2025-07-30 10:40:39.534421 | controller -> localhost | | .  B.ooS.       |
2025-07-30 10:40:39.534440 | controller -> localhost | |o  . oo..o       |
2025-07-30 10:40:39.534458 | controller -> localhost | |oo oo E.o        |
2025-07-30 10:40:39.534477 | controller -> localhost | |+.*+o  .         |
2025-07-30 10:40:39.534495 | controller -> localhost | |+=++.            |
2025-07-30 10:40:39.534513 | controller -> localhost | +----[SHA256]-----+
2025-07-30 10:40:39.534553 | controller -> localhost | ok: Runtime: 0:00:00.036060
2025-07-30 10:40:39.539751 | 
2025-07-30 10:40:39.539828 | TASK [add-build-sshkey : Remote setup ssh keys (linux)]
2025-07-30 10:40:39.557149 | controller | ok
2025-07-30 10:40:39.564643 | controller | included: /var/lib/zuul/builds/bfe5c7f8369f4c8e92d414c8a50e536e/trusted/project_1/opendev.org/zuul/zuul-jobs/roles/add-build-sshkey/tasks/remote-linux.yaml
2025-07-30 10:40:39.573585 | 
2025-07-30 10:40:39.573670 | TASK [add-build-sshkey : Remove previously added zuul-build-sshkey]
2025-07-30 10:40:39.587172 | controller | skipping: Conditional result was False
2025-07-30 10:40:39.592673 | 
2025-07-30 10:40:39.592993 | TASK [add-build-sshkey : Enable access via build key on all nodes]
2025-07-30 10:40:40.135343 | controller | changed
2025-07-30 10:40:40.141440 | 
2025-07-30 10:40:40.141516 | TASK [add-build-sshkey : Make sure user has a .ssh]
2025-07-30 10:40:40.309982 | controller | ok
2025-07-30 10:40:40.314471 | 
2025-07-30 10:40:40.314543 | TASK [add-build-sshkey : Install build private key as SSH key on all nodes]
2025-07-30 10:40:40.664383 | controller | changed
2025-07-30 10:40:40.668846 | 
2025-07-30 10:40:40.668923 | TASK [add-build-sshkey : Install build public key as SSH key on all nodes]
2025-07-30 10:40:41.028893 | controller | changed
2025-07-30 10:40:41.033427 | 
2025-07-30 10:40:41.033503 | TASK [add-build-sshkey : Remote setup ssh keys (windows)]
2025-07-30 10:40:41.046222 | controller | skipping: Conditional result was False
2025-07-30 10:40:41.050919 | 
2025-07-30 10:40:41.050992 | TASK [remove-zuul-sshkey : Remove master key from local agent]
2025-07-30 10:40:41.326304 | controller -> localhost | changed
2025-07-30 10:40:41.335965 | 
2025-07-30 10:40:41.336061 | TASK [add-build-sshkey : Add back temp key]
2025-07-30 10:40:41.540614 | controller -> localhost | Identity added: /var/lib/zuul/builds/bfe5c7f8369f4c8e92d414c8a50e536e/work/bfe5c7f8369f4c8e92d414c8a50e536e_id_rsa (zuul-build-sshkey)
2025-07-30 10:40:41.540821 | controller -> localhost | ok: Runtime: 0:00:00.005320
2025-07-30 10:40:41.546057 | 
2025-07-30 10:40:41.546139 | TASK [add-build-sshkey : Verify we can still SSH to all nodes]
2025-07-30 10:40:41.805333 | controller | ok
2025-07-30 10:40:41.809653 | 
2025-07-30 10:40:41.809729 | TASK [add-build-sshkey : Verify we can still SSH to all nodes (windows)]
2025-07-30 10:40:41.832615 | controller | skipping: Conditional result was False
2025-07-30 10:40:41.841137 | 
2025-07-30 10:40:41.841217 | TASK [include_role : prepare-workspace-openshift]
2025-07-30 10:40:41.854006 | controller | skipping: Conditional result was False
2025-07-30 10:40:41.858552 | 
2025-07-30 10:40:41.858622 | TASK [include_role : remove-zuul-sshkey]
2025-07-30 10:40:41.871064 | controller | skipping: Conditional result was False
2025-07-30 10:40:41.875867 | 
2025-07-30 10:40:41.875940 | LOOP [ensure-output-dirs : Empty Zuul Output directories by removing them]
2025-07-30 10:40:42.049789 | controller | ok: "logs"
2025-07-30 10:40:42.050010 | controller | ok: All items complete
2025-07-30 10:40:42.050043 | 
2025-07-30 10:40:42.198301 | controller | ok: "artifacts"
2025-07-30 10:40:42.347632 | controller | ok: "docs"
2025-07-30 10:40:42.358474 | 
2025-07-30 10:40:42.358558 | LOOP [ensure-output-dirs : Ensure Zuul Output directories exist]
2025-07-30 10:40:42.530600 | controller | changed: "logs"
2025-07-30 10:40:42.678979 | controller | changed: "artifacts"
2025-07-30 10:40:42.827615 | controller | changed: "docs"
2025-07-30 10:40:42.856659 | 
2025-07-30 10:40:42.856728 | PLAY RECAP
2025-07-30 10:40:42.856763 | controller | ok: 23 changed: 10 unreachable: 0 failed: 0 skipped: 5 rescued: 0 ignored: 0
2025-07-30 10:40:42.856786 | localhost | ok: 6 changed: 2 unreachable: 0 failed: 0 skipped: 0 rescued: 0 ignored: 0
2025-07-30 10:40:42.856800 | 
2025-07-30 10:40:42.936568 | PRE-RUN END RESULT_NORMAL: [trusted : cinderci-sf.dev.purestorage.com/thirdparty-ci-config/playbooks/base/pre.yaml@master]
2025-07-30 10:40:42.941912 | PRE-RUN START: [untrusted : opendev.org/openstack/devstack/playbooks/pre.yaml@master]
2025-07-30 10:40:43.410399 | 
2025-07-30 10:40:43.410492 | PLAY [all]
2025-07-30 10:40:43.425081 | 
2025-07-30 10:40:43.425185 | TASK [Fix the permissions of the zuul home directory]
2025-07-30 10:40:43.886653 | controller | changed
2025-07-30 10:40:43.891891 | 
2025-07-30 10:40:43.891984 | TASK [Gather minimum local MTU]
2025-07-30 10:40:43.960330 | controller | ok
2025-07-30 10:40:43.964962 | 
2025-07-30 10:40:43.965042 | TASK [Calculate external_bridge_mtu]
2025-07-30 10:40:44.002225 | controller | ok
2025-07-30 10:40:44.014978 | 
2025-07-30 10:40:44.015063 | TASK [configure-swap : Set ephemeral device if /dev/xvde exists]
2025-07-30 10:40:44.037950 | controller | skipping: Conditional result was False
2025-07-30 10:40:44.043853 | 
2025-07-30 10:40:44.043930 | TASK [configure-swap : Get ephemeral0 device node]
2025-07-30 10:40:44.566169 | controller | ok: Runtime: 0:00:00.002830
2025-07-30 10:40:44.571449 | 
2025-07-30 10:40:44.571528 | TASK [configure-swap : Set ephemeral device if LABEL exists]
2025-07-30 10:40:44.594390 | controller | skipping: Conditional result was False
2025-07-30 10:40:44.599700 | 
2025-07-30 10:40:44.599783 | TASK [configure-swap : Setup swap on ephemeral storage]
2025-07-30 10:40:44.622617 | controller | skipping: Conditional result was False
2025-07-30 10:40:44.627927 | 
2025-07-30 10:40:44.628012 | TASK [configure-swap : Setup swap file on root device]
2025-07-30 10:40:44.665296 | controller | ok
2025-07-30 10:40:44.674151 | controller | included: /var/lib/zuul/builds/bfe5c7f8369f4c8e92d414c8a50e536e/untrusted/project_1/opendev.org/openstack/openstack-zuul-jobs/roles/configure-swap/tasks/root.yaml
2025-07-30 10:40:44.679759 | 
2025-07-30 10:40:44.679830 | TASK [configure-swap : Calculate required swap]
2025-07-30 10:40:44.727086 | controller | ok
2025-07-30 10:40:44.732022 | 
2025-07-30 10:40:44.732094 | TASK [configure-swap : Get root filesystem]
2025-07-30 10:40:44.932509 | controller | ext4
2025-07-30 10:40:45.255544 | controller | ok: Runtime: 0:00:00.002939
2025-07-30 10:40:45.260732 | 
2025-07-30 10:40:45.260803 | TASK [configure-swap : Save root filesystem]
2025-07-30 10:40:45.277981 | controller | ok
2025-07-30 10:40:45.303877 | 
2025-07-30 10:40:45.303958 | TASK [configure-swap : Debug the root_filesystem variable]
2025-07-30 10:40:45.331212 | controller | ok:
2025-07-30 10:40:45.331345 | controller | {
2025-07-30 10:40:45.331368 | controller |   "root_filesystem": "ext4"
2025-07-30 10:40:45.331384 | controller | }
2025-07-30 10:40:45.335950 | 
2025-07-30 10:40:45.336020 | TASK [configure-swap : Create swap backing file]
2025-07-30 10:40:50.901994 | controller | 8192+0 records in
2025-07-30 10:40:50.902051 | controller | 8192+0 records out
2025-07-30 10:40:50.902059 | controller | 8589934592 bytes (8.6 GB, 8.0 GiB) copied, 5.37543 s, 1.6 GB/s
2025-07-30 10:40:51.364056 | controller | ok: Runtime: 0:00:05.379252
2025-07-30 10:40:51.369538 | 
2025-07-30 10:40:51.369606 | TASK [configure-swap : Ensure swapfile perms]
2025-07-30 10:40:51.568579 | controller | changed
2025-07-30 10:40:51.573513 | 
2025-07-30 10:40:51.573581 | TASK [configure-swap : Make swapfile]
2025-07-30 10:40:52.115773 | controller | Setting up swapspace version 1, size = 8 GiB (8589930496 bytes)
2025-07-30 10:40:52.115888 | controller | no label, UUID=857b25c9-92e3-4c4a-a1f9-4c28d75d476e
2025-07-30 10:40:52.597071 | controller | ok: Runtime: 0:00:00.352226
2025-07-30 10:40:52.602385 | 
2025-07-30 10:40:52.602455 | TASK [configure-swap : Write swap to fstab]
2025-07-30 10:40:52.882520 | controller | changed
2025-07-30 10:40:52.887418 | 
2025-07-30 10:40:52.887489 | TASK [configure-swap : Add all swap]
2025-07-30 10:40:53.410190 | controller | ok: Runtime: 0:00:00.005810
2025-07-30 10:40:53.415468 | 
2025-07-30 10:40:53.415552 | TASK [configure-swap : Debug the swap_required variable]
2025-07-30 10:40:53.433347 | controller | ok:
2025-07-30 10:40:53.433467 | controller | {
2025-07-30 10:40:53.433489 | controller |   "swap_required": "8192"
2025-07-30 10:40:53.433506 | controller | }
2025-07-30 10:40:53.438159 | 
2025-07-30 10:40:53.438232 | TASK [configure-swap : Set swappiness]
2025-07-30 10:40:53.717975 | controller | changed
2025-07-30 10:40:53.722841 | 
2025-07-30 10:40:53.722918 | TASK [configure-swap : Debug the ephemeral_device variable]
2025-07-30 10:40:53.739955 | controller | ok:
2025-07-30 10:40:53.740067 | controller | {
2025-07-30 10:40:53.740091 | controller |   "ephemeral_device": "VARIABLE IS NOT DEFINED!: 'ephemeral_device' is undefined. 'ephemeral_device' is undefined"
2025-07-30 10:40:53.740119 | controller | }
2025-07-30 10:40:53.748882 | 
2025-07-30 10:40:53.748950 | TASK [setup-stack-user : Create stack group]
2025-07-30 10:40:54.039572 | controller | changed
2025-07-30 10:40:54.044416 | 
2025-07-30 10:40:54.044489 | TASK [setup-stack-user : Create the stack user home folder]
2025-07-30 10:40:54.212642 | controller | changed
2025-07-30 10:40:54.217577 | 
2025-07-30 10:40:54.217644 | TASK [setup-stack-user : Create stack user]
2025-07-30 10:40:54.577976 | controller | changed
2025-07-30 10:40:54.583614 | 
2025-07-30 10:40:54.583688 | TASK [setup-stack-user : Set stack user home directory permissions and ownership]
2025-07-30 10:40:54.752363 | controller | changed
2025-07-30 10:40:54.757761 | 
2025-07-30 10:40:54.757840 | TASK [setup-stack-user : Copy 50_stack_sh file to /etc/sudoers.d]
2025-07-30 10:40:55.462889 | controller | changed
2025-07-30 10:40:55.467923 | 
2025-07-30 10:40:55.467993 | TASK [setup-stack-user : Create .cache folder within BASE]
2025-07-30 10:40:55.637020 | controller | changed
2025-07-30 10:40:55.646339 | 
2025-07-30 10:40:55.646431 | TASK [setup-tempest-user : Create tempest group]
2025-07-30 10:40:55.835192 | controller | changed
2025-07-30 10:40:55.840029 | 
2025-07-30 10:40:55.840096 | TASK [setup-tempest-user : Create tempest user]
2025-07-30 10:40:56.094362 | controller | changed
2025-07-30 10:40:56.099336 | 
2025-07-30 10:40:56.099429 | TASK [setup-tempest-user : Copy 51_tempest_sh to /etc/sudoers.d]
2025-07-30 10:40:56.732318 | controller | changed
2025-07-30 10:40:56.741509 | 
2025-07-30 10:40:56.741582 | TASK [setup-devstack-source-dirs : Find all OpenStack source repos used by this job]
2025-07-30 10:40:56.990765 | controller | ok: Not all paths examined, check warnings for details
2025-07-30 10:40:56.998468 | 
2025-07-30 10:40:56.998540 | LOOP [setup-devstack-source-dirs : Copy Zuul repos into devstack working directory]
2025-07-30 10:40:57.876192 | controller | ok: Item: Runtime: 0:00:00.671195
2025-07-30 10:40:58.175304 | controller | ok: Item: Runtime: 0:00:00.134149
2025-07-30 10:40:58.663577 | controller | ok: Item: Runtime: 0:00:00.319319
2025-07-30 10:40:58.946192 | controller | ok: Item: Runtime: 0:00:00.110312
2025-07-30 10:40:59.197486 | controller | ok: Item: Runtime: 0:00:00.076114
2025-07-30 10:40:59.435041 | controller | ok: Item: Runtime: 0:00:00.052353
2025-07-30 10:41:00.048187 | controller | ok: Item: Runtime: 0:00:00.403047
2025-07-30 10:41:02.026938 | controller | ok: Item: Runtime: 0:00:01.822229
2025-07-30 10:41:06.261799 | controller | ok: Item: Runtime: 0:00:04.077154
2025-07-30 10:41:08.851490 | controller | ok: Item: Runtime: 0:00:02.435054
2025-07-30 10:41:09.191857 | controller | ok: Item: Runtime: 0:00:00.182141
2025-07-30 10:41:09.556636 | controller | ok: Item: Runtime: 0:00:00.211465
2025-07-30 10:41:10.536962 | controller | ok: Item: Runtime: 0:00:00.827498
2025-07-30 10:41:10.551299 | 
2025-07-30 10:41:10.551383 | TASK [setup-devstack-source-dirs : Find top level github projects]
2025-07-30 10:41:10.709802 | controller | ok: Not all paths examined, check warnings for details
2025-07-30 10:41:10.715388 | 
2025-07-30 10:41:10.715464 | TASK [setup-devstack-source-dirs : Find actual github repos]
2025-07-30 10:41:10.728006 | controller | skipping: Conditional result was False
2025-07-30 10:41:10.733123 | 
2025-07-30 10:41:10.733193 | LOOP [setup-devstack-source-dirs : Copy github repos into devstack working directory]
2025-07-30 10:41:10.750558 | 
2025-07-30 10:41:10.750675 | LOOP [setup-devstack-source-dirs : Setup refspec for repos into devstack working directory]
2025-07-30 10:41:10.774319 | controller | skipping: Conditional result was False
2025-07-30 10:41:10.774512 | 
2025-07-30 10:41:10.777083 | controller | skipping: Conditional result was False
2025-07-30 10:41:10.780148 | controller | skipping: Conditional result was False
2025-07-30 10:41:10.783248 | controller | skipping: Conditional result was False
2025-07-30 10:41:10.786287 | controller | skipping: Conditional result was False
2025-07-30 10:41:10.789325 | controller | skipping: Conditional result was False
2025-07-30 10:41:10.792539 | controller | skipping: Conditional result was False
2025-07-30 10:41:10.795590 | controller | skipping: Conditional result was False
2025-07-30 10:41:10.798527 | controller | skipping: Conditional result was False
2025-07-30 10:41:10.801451 | controller | skipping: Conditional result was False
2025-07-30 10:41:10.804404 | controller | skipping: Conditional result was False
2025-07-30 10:41:10.807378 | controller | skipping: Conditional result was False
2025-07-30 10:41:10.809602 | controller | skipping: Conditional result was False
2025-07-30 10:41:10.823314 | 
2025-07-30 10:41:10.823379 | TASK [setup-devstack-source-dirs : Set ownership of repos]
2025-07-30 10:41:11.941465 | controller | changed
2025-07-30 10:41:11.950687 | 
2025-07-30 10:41:11.950772 | TASK [setup-devstack-log-dir : Create logs directory]
2025-07-30 10:41:12.129558 | controller | changed
2025-07-30 10:41:12.139397 | 
2025-07-30 10:41:12.139474 | TASK [setup-devstack-cache : Copy cached devstack files]
2025-07-30 10:41:12.661829 | controller | ok: Runtime: 0:00:00.016615
2025-07-30 10:41:12.666737 | 
2025-07-30 10:41:12.666810 | TASK [setup-devstack-cache : Set ownership of cached files]
2025-07-30 10:41:12.925947 | controller | changed
2025-07-30 10:41:12.935249 | 
2025-07-30 10:41:12.935338 | TASK [start-fresh-logging : Check for /bin/journalctl file]
2025-07-30 10:41:13.127859 | controller | /usr/bin/journalctl
2025-07-30 10:41:13.458494 | controller | ok: Runtime: 0:00:00.003397
2025-07-30 10:41:13.463908 | 
2025-07-30 10:41:13.463983 | TASK [start-fresh-logging : Get current date]
2025-07-30 10:41:13.658049 | controller | 2025-07-30 10:41:13
2025-07-30 10:41:13.987329 | controller | ok: Runtime: 0:00:00.002706
2025-07-30 10:41:13.992630 | 
2025-07-30 10:41:13.992702 | TASK [start-fresh-logging : Copy current date to log-start-timestamp.txt]
2025-07-30 10:41:14.353295 | controller | changed
2025-07-30 10:41:14.358558 | 
2025-07-30 10:41:14.358628 | TASK [start-fresh-logging : Stop rsyslog]
2025-07-30 10:41:14.371141 | controller | skipping: Conditional result was False
2025-07-30 10:41:14.376238 | 
2025-07-30 10:41:14.376315 | TASK [start-fresh-logging : Save syslog file prior to devstack run]
2025-07-30 10:41:14.899273 | controller | skipping: Conditional result was False
2025-07-30 10:41:14.904894 | 
2025-07-30 10:41:14.904979 | TASK [start-fresh-logging : Save kern.log file prior to devstack run]
2025-07-30 10:41:15.428370 | controller | skipping: Conditional result was False
2025-07-30 10:41:15.434038 | 
2025-07-30 10:41:15.434127 | TASK [start-fresh-logging : Recreate syslog file]
2025-07-30 10:41:15.446897 | controller | skipping: Conditional result was False
2025-07-30 10:41:15.452218 | 
2025-07-30 10:41:15.452298 | TASK [start-fresh-logging : Recreate syslog file owner and group]
2025-07-30 10:41:15.975167 | controller | skipping: Conditional result was False
2025-07-30 10:41:15.980977 | 
2025-07-30 10:41:15.981060 | TASK [start-fresh-logging : Recreate syslog file permissions]
2025-07-30 10:41:16.504444 | controller | skipping: Conditional result was False
2025-07-30 10:41:16.510314 | 
2025-07-30 10:41:16.510397 | TASK [start-fresh-logging : Add read permissions to all on syslog file]
2025-07-30 10:41:16.523153 | controller | skipping: Conditional result was False
2025-07-30 10:41:16.528402 | 
2025-07-30 10:41:16.528467 | TASK [start-fresh-logging : Recreate kern.log file]
2025-07-30 10:41:16.540737 | controller | skipping: Conditional result was False
2025-07-30 10:41:16.545791 | 
2025-07-30 10:41:16.545861 | TASK [start-fresh-logging : Recreate kern.log file owner and group]
2025-07-30 10:41:17.068688 | controller | skipping: Conditional result was False
2025-07-30 10:41:17.074219 | 
2025-07-30 10:41:17.074312 | TASK [start-fresh-logging : Recreate kern.log file permissions]
2025-07-30 10:41:17.597700 | controller | skipping: Conditional result was False
2025-07-30 10:41:17.603374 | 
2025-07-30 10:41:17.603457 | TASK [start-fresh-logging : Add read permissions to all on kern.log file]
2025-07-30 10:41:17.616255 | controller | skipping: Conditional result was False
2025-07-30 10:41:17.621434 | 
2025-07-30 10:41:17.621510 | TASK [start-fresh-logging : Start rsyslog]
2025-07-30 10:41:17.633964 | controller | skipping: Conditional result was False
2025-07-30 10:41:17.643388 | 
2025-07-30 10:41:17.643460 | TASK [write-devstack-local-conf : Write a job-specific local_conf file]
2025-07-30 10:41:17.978436 | controller | ok
2025-07-30 10:41:18.001288 | 
2025-07-30 10:41:18.001352 | PLAY RECAP
2025-07-30 10:41:18.001385 | controller | ok: 37 changed: 24 unreachable: 0 failed: 0 skipped: 18 rescued: 0 ignored: 0
2025-07-30 10:41:18.001403 | 
2025-07-30 10:41:18.072450 | PRE-RUN END RESULT_NORMAL: [untrusted : opendev.org/openstack/devstack/playbooks/pre.yaml@master]
2025-07-30 10:41:18.076997 | PRE-RUN START: [trusted : cinderci-sf.dev.purestorage.com/thirdparty-ci-config/playbooks/devstack/pre-devstack.yaml@master]
2025-07-30 10:41:18.533001 | 
2025-07-30 10:41:18.533114 | PLAY [all]
2025-07-30 10:41:18.550387 | 
2025-07-30 10:41:18.550482 | TASK [Add FQDN to /etc/hosts]
2025-07-30 10:41:18.971638 | controller | changed: line added
2025-07-30 10:41:18.976782 | 
2025-07-30 10:41:18.976875 | TASK [Force IPv4 for apt]
2025-07-30 10:41:19.269808 | controller | Acquire::ForceIPv4 "true";
2025-07-30 10:41:19.501015 | controller | ok: Runtime: 0:00:00.010434
2025-07-30 10:41:19.505992 | 
2025-07-30 10:41:19.506062 | TASK [Install python3-pip]
2025-07-30 10:41:26.265310 | controller | changed
2025-07-30 10:41:26.270315 | 
2025-07-30 10:41:26.270393 | TASK [Find all EXTERNALLY-MANAGED files under /usr/lib]
2025-07-30 10:41:27.083948 | controller | ok: All paths examined
2025-07-30 10:41:27.089357 | 
2025-07-30 10:41:27.089426 | LOOP [Rename each EXTERNALLY-MANAGED file to .old]
2025-07-30 10:41:27.280255 | controller | ok: Item: Runtime: 0:00:00.003610
2025-07-30 10:41:27.288432 | 
2025-07-30 10:41:27.288513 | TASK [Install purestorage sdk in pip]
2025-07-30 10:43:10.837002 | controller | changed
2025-07-30 10:43:10.842456 | 
2025-07-30 10:43:10.842531 | TASK [Debug print "devstack_localrc"]
2025-07-30 10:43:10.860350 | controller | ok:
2025-07-30 10:43:10.860455 | controller | {
2025-07-30 10:43:10.860480 | controller |   "devstack_localrc": {
2025-07-30 10:43:10.860497 | controller |     "ADMIN_PASSWORD": "secretadmin",
2025-07-30 10:43:10.860511 | controller |     "DATABASE_PASSWORD": "secretdatabase",
2025-07-30 10:43:10.860525 | controller |     "DEBUG_LIBVIRT_COREDUMPS": true,
2025-07-30 10:43:10.860538 | controller |     "ENABLE_SYSCTL_MEM_TUNING": true,
2025-07-30 10:43:10.860550 | controller |     "ENABLE_SYSCTL_NET_TUNING": true,
2025-07-30 10:43:10.860562 | controller |     "ENABLE_ZSWAP": true,
2025-07-30 10:43:10.860573 | controller |     "ERROR_ON_CLONE": true,
2025-07-30 10:43:10.860584 | controller |     "FIXED_RANGE": "10.1.0.0/20",
2025-07-30 10:43:10.860600 | controller |     "FLOATING_RANGE": "172.24.5.0/24",
2025-07-30 10:43:10.860612 | controller |     "HOST_IP": "192.168.1.149",
2025-07-30 10:43:10.860624 | controller |     "IMAGE_URLS": "http://download.cirros-cloud.net/0.6.2/cirros-0.6.2-x86_64-disk.img, http://download.cirros-cloud.net/0.6.1/cirros-0.6.1-x86_64-disk.img",
2025-07-30 10:43:10.860636 | controller |     "IPV4_ADDRS_SAFE_TO_USE": "10.1.0.0/20",
2025-07-30 10:43:10.860648 | controller |     "LIBVIRT_TYPE": "qemu",
2025-07-30 10:43:10.860659 | controller |     "LOGFILE": "/opt/stack/logs/devstacklog.txt",
2025-07-30 10:43:10.860670 | controller |     "LOG_COLOR": false,
2025-07-30 10:43:10.860681 | controller |     "NETWORK_GATEWAY": "10.1.0.1",
2025-07-30 10:43:10.860692 | controller |     "NOVA_LIBVIRT_TB_CACHE_SIZE": 128,
2025-07-30 10:43:10.860704 | controller |     "NOVA_VNC_ENABLED": true,
2025-07-30 10:43:10.860716 | controller |     "NOVNC_FROM_PACKAGE": true,
2025-07-30 10:43:10.860727 | controller |     "OVN_DBS_LOG_LEVEL": "dbg",
2025-07-30 10:43:10.860737 | controller |     "PUBLIC_BRIDGE_MTU": 1500,
2025-07-30 10:43:10.860748 | controller |     "PUBLIC_NETWORK_GATEWAY": "172.24.5.1",
2025-07-30 10:43:10.860760 | controller |     "RABBIT_PASSWORD": "secretrabbit",
2025-07-30 10:43:10.860771 | controller |     "SERVICE_HOST": "192.168.1.149",
2025-07-30 10:43:10.860782 | controller |     "SERVICE_PASSWORD": "secretservice",
2025-07-30 10:43:10.860799 | controller |     "SWIFT_HASH": 1234123412341234,
2025-07-30 10:43:10.860811 | controller |     "SWIFT_REPLICAS": 1,
2025-07-30 10:43:10.860822 | controller |     "SWIFT_START_ALL_SERVICES": false,
2025-07-30 10:43:10.860832 | controller |     "VERBOSE": true,
2025-07-30 10:43:10.860844 | controller |     "VERBOSE_NO_TIMESTAMP": true
2025-07-30 10:43:10.860854 | controller |   }
2025-07-30 10:43:10.860869 | controller | }
2025-07-30 10:43:10.865419 | 
2025-07-30 10:43:10.865485 | TASK [Debug print "devstack_local_conf"]
2025-07-30 10:43:10.882054 | controller | ok:
2025-07-30 10:43:10.882162 | controller | {
2025-07-30 10:43:10.882186 | controller |   "devstack_local_conf": {
2025-07-30 10:43:10.882201 | controller |     "post-config": {
2025-07-30 10:43:10.882214 | controller |       "$NEUTRON_CONF": {
2025-07-30 10:43:10.882230 | controller |         "DEFAULT": {
2025-07-30 10:43:10.882243 | controller |           "global_physnet_mtu": 1500
2025-07-30 10:43:10.882255 | controller |         }
2025-07-30 10:43:10.882275 | controller |       }
2025-07-30 10:43:10.882287 | controller |     },
2025-07-30 10:43:10.882299 | controller |     "test-config": {
2025-07-30 10:43:10.882311 | controller |       "$TEMPEST_CONFIG": {
2025-07-30 10:43:10.882323 | controller |         "compute": {
2025-07-30 10:43:10.882334 | controller |           "min_compute_nodes": "1"
2025-07-30 10:43:10.882346 | controller |         },
2025-07-30 10:43:10.882357 | controller |         "service-clients": {
2025-07-30 10:43:10.882369 | controller |           "http_timeout": 90
2025-07-30 10:43:10.882380 | controller |         }
2025-07-30 10:43:10.882390 | controller |       }
2025-07-30 10:43:10.882401 | controller |     }
2025-07-30 10:43:10.882412 | controller |   }
2025-07-30 10:43:10.882423 | controller | }
2025-07-30 10:43:10.886784 | 
2025-07-30 10:43:10.886846 | TASK [Debug print "devstack_plugins"]
2025-07-30 10:43:10.903226 | controller | ok:
2025-07-30 10:43:10.903334 | controller | {
2025-07-30 10:43:10.903357 | controller |   "devstack_plugins": "VARIABLE IS NOT DEFINED!: 'devstack_plugins' is undefined. 'devstack_plugins' is undefined"
2025-07-30 10:43:10.903375 | controller | }
2025-07-30 10:43:10.907572 | 
2025-07-30 10:43:10.907633 | TASK [Debug print "devstack_services"]
2025-07-30 10:43:10.924766 | controller | ok:
2025-07-30 10:43:10.924865 | controller | {
2025-07-30 10:43:10.924889 | controller |   "devstack_services": {
2025-07-30 10:43:10.924906 | controller |     "base": false,
2025-07-30 10:43:10.924920 | controller |     "c-api": true,
2025-07-30 10:43:10.924933 | controller |     "c-bak": false,
2025-07-30 10:43:10.924945 | controller |     "c-sch": true,
2025-07-30 10:43:10.924956 | controller |     "c-vol": true,
2025-07-30 10:43:10.924968 | controller |     "dstat": false,
2025-07-30 10:43:10.924979 | controller |     "etcd3": true,
2025-07-30 10:43:10.924990 | controller |     "file_tracker": true,
2025-07-30 10:43:10.925002 | controller |     "g-api": true,
2025-07-30 10:43:10.925013 | controller |     "horizon": false,
2025-07-30 10:43:10.925024 | controller |     "key": true,
2025-07-30 10:43:10.925035 | controller |     "memory_tracker": true,
2025-07-30 10:43:10.925046 | controller |     "mysql": true,
2025-07-30 10:43:10.925057 | controller |     "n-api": true,
2025-07-30 10:43:10.925068 | controller |     "n-api-meta": true,
2025-07-30 10:43:10.925079 | controller |     "n-cond": true,
2025-07-30 10:43:10.925090 | controller |     "n-cpu": true,
2025-07-30 10:43:10.925113 | controller |     "n-novnc": true,
2025-07-30 10:43:10.925125 | controller |     "n-sch": true,
2025-07-30 10:43:10.925136 | controller |     "neutron-placement": true,
2025-07-30 10:43:10.925147 | controller |     "neutron-qos": true,
2025-07-30 10:43:10.925158 | controller |     "openstack-cli-server": true,
2025-07-30 10:43:10.925170 | controller |     "ovn-controller": true,
2025-07-30 10:43:10.925180 | controller |     "ovn-northd": true,
2025-07-30 10:43:10.925191 | controller |     "ovs-vswitchd": true,
2025-07-30 10:43:10.925208 | controller |     "ovsdb-server": true,
2025-07-30 10:43:10.925220 | controller |     "placement-api": true,
2025-07-30 10:43:10.925231 | controller |     "q-ovn-agent": true,
2025-07-30 10:43:10.925241 | controller |     "q-svc": true,
2025-07-30 10:43:10.925252 | controller |     "rabbit": true,
2025-07-30 10:43:10.925271 | controller |     "s-account": false,
2025-07-30 10:43:10.925282 | controller |     "s-container": false,
2025-07-30 10:43:10.925294 | controller |     "s-object": false,
2025-07-30 10:43:10.925305 | controller |     "s-proxy": false,
2025-07-30 10:43:10.925317 | controller |     "tempest": true,
2025-07-30 10:43:10.925331 | controller |     "tls-proxy": true
2025-07-30 10:43:10.925343 | controller |   }
2025-07-30 10:43:10.925354 | controller | }
2025-07-30 10:43:10.941726 | 
2025-07-30 10:43:10.941779 | PLAY RECAP
2025-07-30 10:43:10.941814 | controller | ok: 10 changed: 5 unreachable: 0 failed: 0 skipped: 0 rescued: 0 ignored: 0
2025-07-30 10:43:10.941831 | 
2025-07-30 10:43:11.010086 | PRE-RUN END RESULT_NORMAL: [trusted : cinderci-sf.dev.purestorage.com/thirdparty-ci-config/playbooks/devstack/pre-devstack.yaml@master]
2025-07-30 10:43:11.014690 | RUN START: [trusted : cinderci-sf.dev.purestorage.com/thirdparty-ci-config/playbooks/devstack/pure-devstack.yaml@master]
2025-07-30 10:43:11.486820 | 
2025-07-30 10:43:11.486921 | PLAY [all]
2025-07-30 10:43:11.505073 | 
2025-07-30 10:43:11.505183 | TASK [pure-setup : Provide hardware and netowrk debug information]
2025-07-30 10:43:11.950158 | controller | 00:00.0 Host bridge: Intel Corporation 82G33/G31/P35/P31 Express DRAM Controller
2025-07-30 10:43:11.950532 | controller | 	Subsystem: Red Hat, Inc. QEMU Virtual Machine
2025-07-30 10:43:11.950545 | controller | 	Control: I/O+ Mem+ BusMaster- SpecCycle- MemWINV- VGASnoop- ParErr- Stepping- SERR+ FastB2B- DisINTx-
2025-07-30 10:43:11.950551 | controller | 	Status: Cap- 66MHz- UDF- FastB2B- ParErr- DEVSEL=fast >TAbort- <TAbort- <MAbort- >SERR- <PERR- INTx-
2025-07-30 10:43:11.950557 | controller |
2025-07-30 10:43:11.950562 | controller | 00:01.0 VGA compatible controller: Red Hat, Inc. Virtio 1.0 GPU (rev 01) (prog-if 00 [VGA controller])
2025-07-30 10:43:11.950568 | controller | 	Subsystem: Red Hat, Inc. Virtio 1.0 GPU
2025-07-30 10:43:11.950573 | controller | 	Control: I/O+ Mem+ BusMaster+ SpecCycle- MemWINV- VGASnoop- ParErr- Stepping- SERR+ FastB2B- DisINTx-
2025-07-30 10:43:11.950578 | controller | 	Status: Cap+ 66MHz- UDF- FastB2B- ParErr- DEVSEL=fast >TAbort- <TAbort- <MAbort- >SERR- <PERR- INTx-
2025-07-30 10:43:11.950584 | controller | 	Latency: 0
2025-07-30 10:43:11.950602 | controller | 	Interrupt: pin A routed to IRQ 21
2025-07-30 10:43:11.950607 | controller | 	Region 0: Memory at fb800000 (32-bit, prefetchable) [size=8M]
2025-07-30 10:43:11.950612 | controller | 	Region 2: Memory at 388800000000 (64-bit, prefetchable) [size=16K]
2025-07-30 10:43:11.950617 | controller | 	Region 4: Memory at fea10000 (32-bit, non-prefetchable) [size=4K]
2025-07-30 10:43:11.950622 | controller | 	Expansion ROM at 000c0000 [disabled] [size=128K]
2025-07-30 10:43:11.950627 | controller | 	Capabilities: <access denied>
2025-07-30 10:43:11.950632 | controller | 	Kernel driver in use: virtio-pci
2025-07-30 10:43:11.950637 | controller |
2025-07-30 10:43:11.950642 | controller | 00:02.0 PCI bridge: Red Hat, Inc. QEMU PCIe Root port (prog-if 00 [Normal decode])
2025-07-30 10:43:11.950647 | controller | 	Subsystem: Red Hat, Inc. QEMU PCIe Root port
2025-07-30 10:43:11.950652 | controller | 	Control: I/O+ Mem+ BusMaster+ SpecCycle- MemWINV- VGASnoop- ParErr- Stepping- SERR+ FastB2B- DisINTx+
2025-07-30 10:43:11.950657 | controller | 	Status: Cap+ 66MHz- UDF- FastB2B- ParErr- DEVSEL=fast >TAbort- <TAbort- <MAbort- >SERR- <PERR- INTx-
2025-07-30 10:43:11.950662 | controller | 	Latency: 0
2025-07-30 10:43:11.950667 | controller | 	Interrupt: pin A routed to IRQ 22
2025-07-30 10:43:11.950673 | controller | 	Region 0: Memory at fea11000 (32-bit, non-prefetchable) [size=4K]
2025-07-30 10:43:11.950679 | controller | 	Bus: primary=00, secondary=01, subordinate=02, sec-latency=0
2025-07-30 10:43:11.950684 | controller | 	I/O behind bridge: c000-cfff [size=4K] [16-bit]
2025-07-30 10:43:11.950689 | controller | 	Memory behind bridge: fc600000-fc9fffff [size=4M] [32-bit]
2025-07-30 10:43:11.950694 | controller | 	Prefetchable memory behind bridge: 388000000000-3887ffffffff [size=32G] [32-bit]
2025-07-30 10:43:11.950699 | controller | 	Secondary status: 66MHz- FastB2B- ParErr- DEVSEL=fast >TAbort- <TAbort- <MAbort- <SERR- <PERR-
2025-07-30 10:43:11.950704 | controller | 	BridgeCtl: Parity- SERR+ NoISA- VGA- VGA16- MAbort- >Reset- FastB2B-
2025-07-30 10:43:11.950709 | controller | 		PriDiscTmr- SecDiscTmr- DiscTmrStat- DiscTmrSERREn-
2025-07-30 10:43:11.950716 | controller | 	Capabilities: <access denied>
2025-07-30 10:43:11.950722 | controller | 	Kernel driver in use: pcieport
2025-07-30 10:43:11.950726 | controller |
2025-07-30 10:43:11.950732 | controller | 00:02.1 PCI bridge: Red Hat, Inc. QEMU PCIe Root port (prog-if 00 [Normal decode])
2025-07-30 10:43:11.950737 | controller | 	Subsystem: Red Hat, Inc. QEMU PCIe Root port
2025-07-30 10:43:11.950742 | controller | 	Control: I/O+ Mem+ BusMaster+ SpecCycle- MemWINV- VGASnoop- ParErr- Stepping- SERR+ FastB2B- DisINTx+
2025-07-30 10:43:11.950747 | controller | 	Status: Cap+ 66MHz- UDF- FastB2B- ParErr- DEVSEL=fast >TAbort- <TAbort- <MAbort- >SERR- <PERR- INTx-
2025-07-30 10:43:11.950752 | controller | 	Latency: 0
2025-07-30 10:43:11.950761 | controller | 	Interrupt: pin A routed to IRQ 22
2025-07-30 10:43:11.950767 | controller | 	Region 0: Memory at fea12000 (32-bit, non-prefetchable) [size=4K]
2025-07-30 10:43:11.950772 | controller | 	Bus: primary=00, secondary=03, subordinate=03, sec-latency=0
2025-07-30 10:43:11.950776 | controller | 	I/O behind bridge: [disabled] [16-bit]
2025-07-30 10:43:11.950781 | controller | 	Memory behind bridge: fe800000-fe9fffff [size=2M] [32-bit]
2025-07-30 10:43:11.950786 | controller | 	Prefetchable memory behind bridge: 387800000000-387fffffffff [size=32G] [32-bit]
2025-07-30 10:43:11.950791 | controller | 	Secondary status: 66MHz- FastB2B- ParErr- DEVSEL=fast >TAbort- <TAbort- <MAbort- <SERR- <PERR-
2025-07-30 10:43:11.950801 | controller | 	BridgeCtl: Parity- SERR+ NoISA- VGA- VGA16- MAbort- >Reset- FastB2B-
2025-07-30 10:43:11.950806 | controller | 		PriDiscTmr- SecDiscTmr- DiscTmrStat- DiscTmrSERREn-
2025-07-30 10:43:11.950812 | controller | 	Capabilities: <access denied>
2025-07-30 10:43:11.950818 | controller | 	Kernel driver in use: pcieport
2025-07-30 10:43:11.950823 | controller |
2025-07-30 10:43:11.950828 | controller | 00:02.2 PCI bridge: Red Hat, Inc. QEMU PCIe Root port (prog-if 00 [Normal decode])
2025-07-30 10:43:11.950831 | controller | 	Subsystem: Red Hat, Inc. QEMU PCIe Root port
2025-07-30 10:43:11.950835 | controller | 	Control: I/O+ Mem+ BusMaster+ SpecCycle- MemWINV- VGASnoop- ParErr- Stepping- SERR+ FastB2B- DisINTx+
