2025-07-30 10:39:02.231980 | Job console starting...
2025-07-30 10:39:02.236779 | Updating repositories
2025-07-30 10:39:02.790931 | Preparing job workspace
2025-07-30 10:39:21.351977 | Running Ansible setup...
2025-07-30 10:39:24.085202 | PRE-RUN START: [trusted : cinderci-sf.dev.purestorage.com/thirdparty-ci-config/playbooks/base/pre.yaml@master]
2025-07-30 10:39:24.553011 | 
2025-07-30 10:39:24.553128 | PLAY [localhost]
2025-07-30 10:39:24.560169 | 
2025-07-30 10:39:24.560259 | TASK [Gathering Facts]
2025-07-30 10:39:25.300871 | localhost | ok
2025-07-30 10:39:25.312638 | 
2025-07-30 10:39:25.312734 | TASK [Setup log path fact]
2025-07-30 10:39:25.328432 | localhost | ok
2025-07-30 10:39:25.338685 | 
2025-07-30 10:39:25.338762 | TASK [set-zuul-log-path-fact : Set log path for a build]
2025-07-30 10:39:25.364595 | localhost | ok
2025-07-30 10:39:25.370891 | 
2025-07-30 10:39:25.370964 | TASK [emit-job-header : Print job information]
2025-07-30 10:39:25.396413 | # Job Information
2025-07-30 10:39:25.396531 | Ansible Version: 2.15.10
2025-07-30 10:39:25.396560 | Job: pure-devstack-cinder-tempest-iscsi-aio-noble
2025-07-30 10:39:25.396578 | Pipeline: thirdparty-check
2025-07-30 10:39:25.396593 | Executor: managesf.cinderci-sf.dev.purestorage.com
2025-07-30 10:39:25.396608 | Triggered by: https://review.opendev.org/c/openstack/cinder/+/915935
2025-07-30 10:39:25.396627 | Log URL (when completed): http://openstack-logs.purestorage.com/436/third-party-ci/4367060569cd43de8956d140731e28fd/
2025-07-30 10:39:25.396643 | Event ID: f6a6a0c635f84c2abed546e35a9b6af7
2025-07-30 10:39:25.399864 | 
2025-07-30 10:39:25.399935 | LOOP [emit-job-header : Print node information]
2025-07-30 10:39:25.481420 | localhost | ok:
2025-07-30 10:39:25.481605 | localhost | # Node Information
2025-07-30 10:39:25.481634 | localhost | Inventory Hostname: controller
2025-07-30 10:39:25.481651 | localhost | Hostname: np0000031987
2025-07-30 10:39:25.481667 | localhost | Username: zuul
2025-07-30 10:39:25.481684 | localhost | Distro: Ubuntu 24.04
2025-07-30 10:39:25.481698 | localhost | Provider: cinderci
2025-07-30 10:39:25.481711 | localhost | Region: cinderci
2025-07-30 10:39:25.481724 | localhost | Label: dsvm-noble-ISCSI-aio
2025-07-30 10:39:25.481736 | localhost | Product Name: OpenStack Nova
2025-07-30 10:39:25.481749 | localhost | Interface IP: 192.168.1.146
2025-07-30 10:39:25.489125 | 
2025-07-30 10:39:25.489211 | TASK [log-inventory : Ensure Zuul Ansible directory exists]
2025-07-30 10:39:25.774641 | localhost -> localhost | changed
2025-07-30 10:39:25.779220 | 
2025-07-30 10:39:25.779314 | TASK [log-inventory : Copy ansible inventory to logs dir]
2025-07-30 10:39:26.407402 | localhost -> localhost | changed
2025-07-30 10:39:26.423561 | 
2025-07-30 10:39:26.423637 | PLAY [all]
2025-07-30 10:39:26.437453 | 
2025-07-30 10:39:26.437539 | TASK [include_role : start-zuul-console]
2025-07-30 10:39:26.454547 | controller | ok
2025-07-30 10:39:26.466657 | 
2025-07-30 10:39:26.466758 | TASK [start-zuul-console : Start zuul_console daemon.]
2025-07-30 10:39:26.746591 | controller | ok
2025-07-30 10:39:26.755427 | 
2025-07-30 10:39:26.755500 | TASK [include_role : validate-host]
2025-07-30 10:39:26.772410 | controller | ok
2025-07-30 10:39:26.788554 | 
2025-07-30 10:39:26.788638 | TASK [validate-host : Define zuul_info_dir fact]
2025-07-30 10:39:26.815856 | controller | ok
2025-07-30 10:39:26.820680 | 
2025-07-30 10:39:26.820767 | TASK [validate-host : Ensure Zuul Ansible directory exists]
2025-07-30 10:39:27.005711 | controller -> localhost | ok
2025-07-30 10:39:27.011354 | 
2025-07-30 10:39:27.011441 | TASK [validate-host : Collect information about the host]
2025-07-30 10:39:27.620332 | controller | ok
2025-07-30 10:39:27.632483 | 
2025-07-30 10:39:27.632601 | TASK [validate-host : Sanitize hostname]
2025-07-30 10:39:27.669884 | controller | ok
2025-07-30 10:39:27.674345 | 
2025-07-30 10:39:27.674421 | TASK [validate-host : Write out all ansible variables/facts known for each host]
2025-07-30 10:39:28.030020 | controller -> localhost | changed
2025-07-30 10:39:28.035195 | 
2025-07-30 10:39:28.035283 | TASK [validate-host : Collect information about zuul worker]
2025-07-30 10:39:28.315004 | controller | ok
2025-07-30 10:39:28.342917 | 
2025-07-30 10:39:28.343019 | TASK [validate-host : Write out all zuul information for each host]
2025-07-30 10:39:28.729623 | controller -> localhost | changed
2025-07-30 10:39:28.738466 | 
2025-07-30 10:39:28.738545 | TASK [include_role : prepare-workspace]
2025-07-30 10:39:28.755214 | controller | ok
2025-07-30 10:39:28.771127 | 
2025-07-30 10:39:28.771230 | TASK [prepare-workspace : Start zuul_console daemon.]
2025-07-30 10:39:28.940637 | controller | ok
2025-07-30 10:39:28.945728 | 
2025-07-30 10:39:28.945816 | TASK [prepare-workspace : Synchronize src repos to workspace directory.]
2025-07-30 10:40:42.108641 | controller | Output suppressed because no_log was given
2025-07-30 10:40:42.116019 | 
2025-07-30 10:40:42.116095 | TASK [include_role : add-build-sshkey]
2025-07-30 10:40:42.133909 | controller | ok
2025-07-30 10:40:42.150180 | 
2025-07-30 10:40:42.150275 | TASK [add-build-sshkey : Check to see if ssh key was already created for this build]
2025-07-30 10:40:42.324346 | controller -> localhost | ok
2025-07-30 10:40:42.329427 | 
2025-07-30 10:40:42.329499 | TASK [add-build-sshkey : Create a new key in workspace based on build UUID]
2025-07-30 10:40:42.346030 | controller | ok
2025-07-30 10:40:42.357647 | controller | included: /var/lib/zuul/builds/4367060569cd43de8956d140731e28fd/trusted/project_1/opendev.org/zuul/zuul-jobs/roles/add-build-sshkey/tasks/create-key-and-replace.yaml
2025-07-30 10:40:42.362737 | 
2025-07-30 10:40:42.362806 | TASK [add-build-sshkey : Create Temp SSH key]
2025-07-30 10:40:42.799092 | controller -> localhost | Generating public/private rsa key pair.
2025-07-30 10:40:42.799309 | controller -> localhost | Your identification has been saved in /var/lib/zuul/builds/4367060569cd43de8956d140731e28fd/work/4367060569cd43de8956d140731e28fd_id_rsa.
2025-07-30 10:40:42.799346 | controller -> localhost | Your public key has been saved in /var/lib/zuul/builds/4367060569cd43de8956d140731e28fd/work/4367060569cd43de8956d140731e28fd_id_rsa.pub.
2025-07-30 10:40:42.799372 | controller -> localhost | The key fingerprint is:
2025-07-30 10:40:42.799396 | controller -> localhost | SHA256:bSb6IMphARUt92V2vOyyqWD//gNgX8Ui7kY4oi/kjK8 zuul-build-sshkey
2025-07-30 10:40:42.799420 | controller -> localhost | The key's randomart image is:
2025-07-30 10:40:42.799443 | controller -> localhost | +---[RSA 3072]----+
2025-07-30 10:40:42.799465 | controller -> localhost | |  oo     . .     |
2025-07-30 10:40:42.799493 | controller -> localhost | | .. o   = + o    |
2025-07-30 10:40:42.799516 | controller -> localhost | |.  o . * + +     |
2025-07-30 10:40:42.799536 | controller -> localhost | | .  . * o.+      |
2025-07-30 10:40:42.799555 | controller -> localhost | |  .. o *So+      |
2025-07-30 10:40:42.799574 | controller -> localhost | |  o.   .*+.      |
2025-07-30 10:40:42.799591 | controller -> localhost | | =o.+ o. =       |
2025-07-30 10:40:42.799609 | controller -> localhost | |.o++.+ oo .      |
2025-07-30 10:40:42.799626 | controller -> localhost | |Eo+.  o++...     |
2025-07-30 10:40:42.799645 | controller -> localhost | +----[SHA256]-----+
2025-07-30 10:40:42.799685 | controller -> localhost | ok: Runtime: 0:00:00.124108
2025-07-30 10:40:42.804712 | 
2025-07-30 10:40:42.804786 | TASK [add-build-sshkey : Remote setup ssh keys (linux)]
2025-07-30 10:40:42.821343 | controller | ok
2025-07-30 10:40:42.828594 | controller | included: /var/lib/zuul/builds/4367060569cd43de8956d140731e28fd/trusted/project_1/opendev.org/zuul/zuul-jobs/roles/add-build-sshkey/tasks/remote-linux.yaml
2025-07-30 10:40:42.835821 | 
2025-07-30 10:40:42.835887 | TASK [add-build-sshkey : Remove previously added zuul-build-sshkey]
2025-07-30 10:40:42.848385 | controller | skipping: Conditional result was False
2025-07-30 10:40:42.853021 | 
2025-07-30 10:40:42.853090 | TASK [add-build-sshkey : Enable access via build key on all nodes]
2025-07-30 10:40:43.404840 | controller | changed
2025-07-30 10:40:43.409154 | 
2025-07-30 10:40:43.409224 | TASK [add-build-sshkey : Make sure user has a .ssh]
2025-07-30 10:40:43.587649 | controller | ok
2025-07-30 10:40:43.592242 | 
2025-07-30 10:40:43.592343 | TASK [add-build-sshkey : Install build private key as SSH key on all nodes]
2025-07-30 10:40:43.952651 | controller | changed
2025-07-30 10:40:43.957107 | 
2025-07-30 10:40:43.957183 | TASK [add-build-sshkey : Install build public key as SSH key on all nodes]
2025-07-30 10:40:44.316834 | controller | changed
2025-07-30 10:40:44.321340 | 
2025-07-30 10:40:44.321409 | TASK [add-build-sshkey : Remote setup ssh keys (windows)]
2025-07-30 10:40:44.334051 | controller | skipping: Conditional result was False
2025-07-30 10:40:44.338674 | 
2025-07-30 10:40:44.338742 | TASK [remove-zuul-sshkey : Remove master key from local agent]
2025-07-30 10:40:44.613401 | controller -> localhost | changed
2025-07-30 10:40:44.622834 | 
2025-07-30 10:40:44.622917 | TASK [add-build-sshkey : Add back temp key]
2025-07-30 10:40:44.847429 | controller -> localhost | Identity added: /var/lib/zuul/builds/4367060569cd43de8956d140731e28fd/work/4367060569cd43de8956d140731e28fd_id_rsa (zuul-build-sshkey)
2025-07-30 10:40:44.847624 | controller -> localhost | ok: Runtime: 0:00:00.005507
2025-07-30 10:40:44.852809 | 
2025-07-30 10:40:44.852879 | TASK [add-build-sshkey : Verify we can still SSH to all nodes]
2025-07-30 10:40:45.112183 | controller | ok
2025-07-30 10:40:45.116371 | 
2025-07-30 10:40:45.116445 | TASK [add-build-sshkey : Verify we can still SSH to all nodes (windows)]
2025-07-30 10:40:45.139246 | controller | skipping: Conditional result was False
2025-07-30 10:40:45.147434 | 
2025-07-30 10:40:45.147507 | TASK [include_role : prepare-workspace-openshift]
2025-07-30 10:40:45.159968 | controller | skipping: Conditional result was False
2025-07-30 10:40:45.164418 | 
2025-07-30 10:40:45.164483 | TASK [include_role : remove-zuul-sshkey]
2025-07-30 10:40:45.176820 | controller | skipping: Conditional result was False
2025-07-30 10:40:45.181363 | 
2025-07-30 10:40:45.181431 | LOOP [ensure-output-dirs : Empty Zuul Output directories by removing them]
2025-07-30 10:40:45.355392 | controller | ok: "logs"
2025-07-30 10:40:45.355654 | controller | ok: All items complete
2025-07-30 10:40:45.356015 | 
2025-07-30 10:40:45.506241 | controller | ok: "artifacts"
2025-07-30 10:40:45.656960 | controller | ok: "docs"
2025-07-30 10:40:45.664399 | 
2025-07-30 10:40:45.664470 | LOOP [ensure-output-dirs : Ensure Zuul Output directories exist]
2025-07-30 10:40:45.842905 | controller | changed: "logs"
2025-07-30 10:40:45.996910 | controller | changed: "artifacts"
2025-07-30 10:40:46.148950 | controller | changed: "docs"
2025-07-30 10:40:46.170178 | 
2025-07-30 10:40:46.170234 | PLAY RECAP
2025-07-30 10:40:46.170276 | controller | ok: 23 changed: 10 unreachable: 0 failed: 0 skipped: 5 rescued: 0 ignored: 0
2025-07-30 10:40:46.170299 | localhost | ok: 6 changed: 2 unreachable: 0 failed: 0 skipped: 0 rescued: 0 ignored: 0
2025-07-30 10:40:46.170313 | 
2025-07-30 10:40:46.242700 | PRE-RUN END RESULT_NORMAL: [trusted : cinderci-sf.dev.purestorage.com/thirdparty-ci-config/playbooks/base/pre.yaml@master]
2025-07-30 10:40:46.246316 | PRE-RUN START: [untrusted : opendev.org/openstack/devstack/playbooks/pre.yaml@master]
2025-07-30 10:40:46.793708 | 
2025-07-30 10:40:46.793849 | PLAY [all]
2025-07-30 10:40:46.812039 | 
2025-07-30 10:40:46.812145 | TASK [Fix the permissions of the zuul home directory]
2025-07-30 10:40:47.232833 | controller | changed
2025-07-30 10:40:47.237972 | 
2025-07-30 10:40:47.238055 | TASK [Gather minimum local MTU]
2025-07-30 10:40:47.306464 | controller | ok
2025-07-30 10:40:47.311008 | 
2025-07-30 10:40:47.311078 | TASK [Calculate external_bridge_mtu]
2025-07-30 10:40:47.347890 | controller | ok
2025-07-30 10:40:47.360564 | 
2025-07-30 10:40:47.360638 | TASK [configure-swap : Set ephemeral device if /dev/xvde exists]
2025-07-30 10:40:47.383076 | controller | skipping: Conditional result was False
2025-07-30 10:40:47.388831 | 
2025-07-30 10:40:47.388907 | TASK [configure-swap : Get ephemeral0 device node]
2025-07-30 10:40:47.910915 | controller | ok: Runtime: 0:00:00.003150
2025-07-30 10:40:47.916219 | 
2025-07-30 10:40:47.916319 | TASK [configure-swap : Set ephemeral device if LABEL exists]
2025-07-30 10:40:47.939215 | controller | skipping: Conditional result was False
2025-07-30 10:40:47.944394 | 
2025-07-30 10:40:47.944470 | TASK [configure-swap : Setup swap on ephemeral storage]
2025-07-30 10:40:47.967062 | controller | skipping: Conditional result was False
2025-07-30 10:40:47.972162 | 
2025-07-30 10:40:47.972237 | TASK [configure-swap : Setup swap file on root device]
2025-07-30 10:40:48.019229 | controller | ok
2025-07-30 10:40:48.028035 | controller | included: /var/lib/zuul/builds/4367060569cd43de8956d140731e28fd/untrusted/project_1/opendev.org/openstack/openstack-zuul-jobs/roles/configure-swap/tasks/root.yaml
2025-07-30 10:40:48.033660 | 
2025-07-30 10:40:48.033728 | TASK [configure-swap : Calculate required swap]
2025-07-30 10:40:48.070920 | controller | ok
2025-07-30 10:40:48.076318 | 
2025-07-30 10:40:48.076420 | TASK [configure-swap : Get root filesystem]
2025-07-30 10:40:48.311320 | controller | ext4
2025-07-30 10:40:48.600756 | controller | ok: Runtime: 0:00:00.003047
2025-07-30 10:40:48.605797 | 
2025-07-30 10:40:48.605871 | TASK [configure-swap : Save root filesystem]
2025-07-30 10:40:48.622911 | controller | ok
2025-07-30 10:40:48.646575 | 
2025-07-30 10:40:48.646660 | TASK [configure-swap : Debug the root_filesystem variable]
2025-07-30 10:40:48.663528 | controller | ok:
2025-07-30 10:40:48.663642 | controller | {
2025-07-30 10:40:48.663664 | controller |   "root_filesystem": "ext4"
2025-07-30 10:40:48.663681 | controller | }
2025-07-30 10:40:48.668183 | 
2025-07-30 10:40:48.668248 | TASK [configure-swap : Create swap backing file]
2025-07-30 10:40:53.402349 | controller | 8192+0 records in
2025-07-30 10:40:53.402401 | controller | 8192+0 records out
2025-07-30 10:40:53.402408 | controller | 8589934592 bytes (8.6 GB, 8.0 GiB) copied, 4.54328 s, 1.9 GB/s
2025-07-30 10:40:53.692567 | controller | ok: Runtime: 0:00:04.548077
2025-07-30 10:40:53.698040 | 
2025-07-30 10:40:53.698140 | TASK [configure-swap : Ensure swapfile perms]
2025-07-30 10:40:53.887325 | controller | changed
2025-07-30 10:40:53.892367 | 
2025-07-30 10:40:53.892442 | TASK [configure-swap : Make swapfile]
2025-07-30 10:40:54.286676 | controller | Setting up swapspace version 1, size = 8 GiB (8589930496 bytes)
2025-07-30 10:40:54.286782 | controller | no label, UUID=2c78428c-70c8-4a89-a507-2c3c368ff284
2025-07-30 10:40:54.415900 | controller | ok: Runtime: 0:00:00.208650
2025-07-30 10:40:54.421070 | 
2025-07-30 10:40:54.421160 | TASK [configure-swap : Write swap to fstab]
2025-07-30 10:40:54.702467 | controller | changed
2025-07-30 10:40:54.707448 | 
2025-07-30 10:40:54.707523 | TASK [configure-swap : Add all swap]
2025-07-30 10:40:55.230450 | controller | ok: Runtime: 0:00:00.005185
2025-07-30 10:40:55.235916 | 
2025-07-30 10:40:55.236000 | TASK [configure-swap : Debug the swap_required variable]
2025-07-30 10:40:55.253572 | controller | ok:
2025-07-30 10:40:55.253704 | controller | {
2025-07-30 10:40:55.253726 | controller |   "swap_required": "8192"
2025-07-30 10:40:55.253742 | controller | }
2025-07-30 10:40:55.258471 | 
2025-07-30 10:40:55.258558 | TASK [configure-swap : Set swappiness]
2025-07-30 10:40:55.538237 | controller | changed
2025-07-30 10:40:55.543003 | 
2025-07-30 10:40:55.543078 | TASK [configure-swap : Debug the ephemeral_device variable]
2025-07-30 10:40:55.561675 | controller | ok:
2025-07-30 10:40:55.561804 | controller | {
2025-07-30 10:40:55.561835 | controller |   "ephemeral_device": "VARIABLE IS NOT DEFINED!: 'ephemeral_device' is undefined. 'ephemeral_device' is undefined"
2025-07-30 10:40:55.561855 | controller | }
2025-07-30 10:40:55.571390 | 
2025-07-30 10:40:55.571458 | TASK [setup-stack-user : Create stack group]
2025-07-30 10:40:55.860915 | controller | changed
2025-07-30 10:40:55.865858 | 
2025-07-30 10:40:55.865933 | TASK [setup-stack-user : Create the stack user home folder]
2025-07-30 10:40:56.034061 | controller | changed
2025-07-30 10:40:56.039787 | 
2025-07-30 10:40:56.039856 | TASK [setup-stack-user : Create stack user]
2025-07-30 10:40:56.400125 | controller | changed
2025-07-30 10:40:56.405242 | 
2025-07-30 10:40:56.405328 | TASK [setup-stack-user : Set stack user home directory permissions and ownership]
2025-07-30 10:40:56.584022 | controller | changed
2025-07-30 10:40:56.589996 | 
2025-07-30 10:40:56.590080 | TASK [setup-stack-user : Copy 50_stack_sh file to /etc/sudoers.d]
2025-07-30 10:40:57.303135 | controller | changed
2025-07-30 10:40:57.308171 | 
2025-07-30 10:40:57.308242 | TASK [setup-stack-user : Create .cache folder within BASE]
2025-07-30 10:40:57.476308 | controller | changed
2025-07-30 10:40:57.485842 | 
2025-07-30 10:40:57.485911 | TASK [setup-tempest-user : Create tempest group]
2025-07-30 10:40:57.664503 | controller | changed
2025-07-30 10:40:57.669319 | 
2025-07-30 10:40:57.669391 | TASK [setup-tempest-user : Create tempest user]
2025-07-30 10:40:57.898254 | controller | changed
2025-07-30 10:40:57.903312 | 
2025-07-30 10:40:57.903393 | TASK [setup-tempest-user : Copy 51_tempest_sh to /etc/sudoers.d]
2025-07-30 10:40:58.416726 | controller | changed
2025-07-30 10:40:58.425625 | 
2025-07-30 10:40:58.425693 | TASK [setup-devstack-source-dirs : Find all OpenStack source repos used by this job]
2025-07-30 10:40:58.664987 | controller | ok: Not all paths examined, check warnings for details
2025-07-30 10:40:58.673529 | 
2025-07-30 10:40:58.673613 | LOOP [setup-devstack-source-dirs : Copy Zuul repos into devstack working directory]
2025-07-30 10:40:59.429583 | controller | ok: Item: Runtime: 0:00:00.560663
2025-07-30 10:40:59.915342 | controller | ok: Item: Runtime: 0:00:00.330095
2025-07-30 10:41:00.298870 | controller | ok: Item: Runtime: 0:00:00.228568
2025-07-30 10:41:00.704235 | controller | ok: Item: Runtime: 0:00:00.251239
2025-07-30 10:41:01.009036 | controller | ok: Item: Runtime: 0:00:00.147014
2025-07-30 10:41:01.220811 | controller | ok: Item: Runtime: 0:00:00.058386
2025-07-30 10:41:01.674262 | controller | ok: Item: Runtime: 0:00:00.296198
2025-07-30 10:41:03.178054 | controller | ok: Item: Runtime: 0:00:01.348411
2025-07-30 10:41:07.283881 | controller | ok: Item: Runtime: 0:00:03.917534
2025-07-30 10:41:09.031623 | controller | ok: Item: Runtime: 0:00:01.591981
2025-07-30 10:41:09.536168 | controller | ok: Item: Runtime: 0:00:00.350362
2025-07-30 10:41:10.440502 | controller | ok: Item: Runtime: 0:00:00.748427
2025-07-30 10:41:11.344136 | controller | ok: Item: Runtime: 0:00:00.747867
2025-07-30 10:41:11.365405 | 
2025-07-30 10:41:11.365481 | TASK [setup-devstack-source-dirs : Find top level github projects]
2025-07-30 10:41:11.523889 | controller | ok: Not all paths examined, check warnings for details
2025-07-30 10:41:11.528948 | 
2025-07-30 10:41:11.529015 | TASK [setup-devstack-source-dirs : Find actual github repos]
2025-07-30 10:41:11.541441 | controller | skipping: Conditional result was False
2025-07-30 10:41:11.546441 | 
2025-07-30 10:41:11.546513 | LOOP [setup-devstack-source-dirs : Copy github repos into devstack working directory]
2025-07-30 10:41:11.563766 | 
2025-07-30 10:41:11.563882 | LOOP [setup-devstack-source-dirs : Setup refspec for repos into devstack working directory]
2025-07-30 10:41:11.588751 | controller | skipping: Conditional result was False
2025-07-30 10:41:11.588946 | 
2025-07-30 10:41:11.591531 | controller | skipping: Conditional result was False
2025-07-30 10:41:11.594659 | controller | skipping: Conditional result was False
2025-07-30 10:41:11.597749 | controller | skipping: Conditional result was False
2025-07-30 10:41:11.600787 | controller | skipping: Conditional result was False
2025-07-30 10:41:11.603801 | controller | skipping: Conditional result was False
2025-07-30 10:41:11.607058 | controller | skipping: Conditional result was False
2025-07-30 10:41:11.610126 | controller | skipping: Conditional result was False
2025-07-30 10:41:11.613073 | controller | skipping: Conditional result was False
2025-07-30 10:41:11.616075 | controller | skipping: Conditional result was False
2025-07-30 10:41:11.619033 | controller | skipping: Conditional result was False
2025-07-30 10:41:11.622004 | controller | skipping: Conditional result was False
2025-07-30 10:41:11.624231 | controller | skipping: Conditional result was False
2025-07-30 10:41:11.637249 | 
2025-07-30 10:41:11.637327 | TASK [setup-devstack-source-dirs : Set ownership of repos]
2025-07-30 10:41:12.740484 | controller | changed
2025-07-30 10:41:12.750308 | 
2025-07-30 10:41:12.750382 | TASK [setup-devstack-log-dir : Create logs directory]
2025-07-30 10:41:12.928849 | controller | changed
2025-07-30 10:41:12.937994 | 
2025-07-30 10:41:12.938070 | TASK [setup-devstack-cache : Copy cached devstack files]
2025-07-30 10:41:13.461728 | controller | ok: Runtime: 0:00:00.016144
2025-07-30 10:41:13.467124 | 
2025-07-30 10:41:13.467204 | TASK [setup-devstack-cache : Set ownership of cached files]
2025-07-30 10:41:13.646568 | controller | changed
2025-07-30 10:41:13.677166 | 
2025-07-30 10:41:13.677256 | TASK [start-fresh-logging : Check for /bin/journalctl file]
2025-07-30 10:41:13.863557 | controller | /usr/bin/journalctl
2025-07-30 10:41:14.199756 | controller | ok: Runtime: 0:00:00.003305
2025-07-30 10:41:14.205087 | 
2025-07-30 10:41:14.205186 | TASK [start-fresh-logging : Get current date]
2025-07-30 10:41:14.398537 | controller | 2025-07-30 10:41:14
2025-07-30 10:41:14.728259 | controller | ok: Runtime: 0:00:00.003098
2025-07-30 10:41:14.733586 | 
2025-07-30 10:41:14.733659 | TASK [start-fresh-logging : Copy current date to log-start-timestamp.txt]
2025-07-30 10:41:15.094713 | controller | changed
2025-07-30 10:41:15.100250 | 
2025-07-30 10:41:15.100336 | TASK [start-fresh-logging : Stop rsyslog]
2025-07-30 10:41:15.112841 | controller | skipping: Conditional result was False
2025-07-30 10:41:15.117893 | 
2025-07-30 10:41:15.117962 | TASK [start-fresh-logging : Save syslog file prior to devstack run]
2025-07-30 10:41:15.640359 | controller | skipping: Conditional result was False
2025-07-30 10:41:15.645962 | 
2025-07-30 10:41:15.646042 | TASK [start-fresh-logging : Save kern.log file prior to devstack run]
2025-07-30 10:41:16.168693 | controller | skipping: Conditional result was False
2025-07-30 10:41:16.174323 | 
2025-07-30 10:41:16.174405 | TASK [start-fresh-logging : Recreate syslog file]
2025-07-30 10:41:16.187356 | controller | skipping: Conditional result was False
2025-07-30 10:41:16.192563 | 
2025-07-30 10:41:16.192637 | TASK [start-fresh-logging : Recreate syslog file owner and group]
2025-07-30 10:41:16.715505 | controller | skipping: Conditional result was False
2025-07-30 10:41:16.721070 | 
2025-07-30 10:41:16.721166 | TASK [start-fresh-logging : Recreate syslog file permissions]
2025-07-30 10:41:17.244074 | controller | skipping: Conditional result was False
2025-07-30 10:41:17.249752 | 
2025-07-30 10:41:17.249828 | TASK [start-fresh-logging : Add read permissions to all on syslog file]
2025-07-30 10:41:17.262395 | controller | skipping: Conditional result was False
2025-07-30 10:41:17.267475 | 
2025-07-30 10:41:17.267542 | TASK [start-fresh-logging : Recreate kern.log file]
2025-07-30 10:41:17.279765 | controller | skipping: Conditional result was False
2025-07-30 10:41:17.284822 | 
2025-07-30 10:41:17.284891 | TASK [start-fresh-logging : Recreate kern.log file owner and group]
2025-07-30 10:41:17.807726 | controller | skipping: Conditional result was False
2025-07-30 10:41:17.813421 | 
2025-07-30 10:41:17.813509 | TASK [start-fresh-logging : Recreate kern.log file permissions]
2025-07-30 10:41:18.337468 | controller | skipping: Conditional result was False
2025-07-30 10:41:18.343168 | 
2025-07-30 10:41:18.343253 | TASK [start-fresh-logging : Add read permissions to all on kern.log file]
2025-07-30 10:41:18.355970 | controller | skipping: Conditional result was False
2025-07-30 10:41:18.361162 | 
2025-07-30 10:41:18.361237 | TASK [start-fresh-logging : Start rsyslog]
2025-07-30 10:41:18.373597 | controller | skipping: Conditional result was False
2025-07-30 10:41:18.383369 | 
2025-07-30 10:41:18.383444 | TASK [write-devstack-local-conf : Write a job-specific local_conf file]
2025-07-30 10:41:18.693129 | controller | ok
2025-07-30 10:41:18.740156 | 
2025-07-30 10:41:18.740224 | PLAY RECAP
2025-07-30 10:41:18.740258 | controller | ok: 37 changed: 24 unreachable: 0 failed: 0 skipped: 18 rescued: 0 ignored: 0
2025-07-30 10:41:18.740286 | 
2025-07-30 10:41:18.811554 | PRE-RUN END RESULT_NORMAL: [untrusted : opendev.org/openstack/devstack/playbooks/pre.yaml@master]
2025-07-30 10:41:18.816078 | PRE-RUN START: [trusted : cinderci-sf.dev.purestorage.com/thirdparty-ci-config/playbooks/devstack/pre-devstack.yaml@master]
2025-07-30 10:41:19.285197 | 
2025-07-30 10:41:19.285439 | PLAY [all]
2025-07-30 10:41:19.303372 | 
2025-07-30 10:41:19.303466 | TASK [Add FQDN to /etc/hosts]
2025-07-30 10:41:19.725192 | controller | changed: line added
2025-07-30 10:41:19.730289 | 
2025-07-30 10:41:19.730375 | TASK [Force IPv4 for apt]
2025-07-30 10:41:20.019166 | controller | Acquire::ForceIPv4 "true";
2025-07-30 10:41:20.254290 | controller | ok: Runtime: 0:00:00.007874
2025-07-30 10:41:20.259242 | 
2025-07-30 10:41:20.259329 | TASK [Install python3-pip]
2025-07-30 10:41:26.203638 | controller | changed
2025-07-30 10:41:26.208643 | 
2025-07-30 10:41:26.208718 | TASK [Find all EXTERNALLY-MANAGED files under /usr/lib]
2025-07-30 10:41:27.083056 | controller | ok: All paths examined
2025-07-30 10:41:27.088454 | 
2025-07-30 10:41:27.088527 | LOOP [Rename each EXTERNALLY-MANAGED file to .old]
2025-07-30 10:41:27.280170 | controller | ok: Item: Runtime: 0:00:00.003528
2025-07-30 10:41:27.287675 | 
2025-07-30 10:41:27.287757 | TASK [Install purestorage sdk in pip]
2025-07-30 10:43:09.930375 | controller | changed
2025-07-30 10:43:09.935813 | 
2025-07-30 10:43:09.935890 | TASK [Debug print "devstack_localrc"]
2025-07-30 10:43:09.962909 | controller | ok:
2025-07-30 10:43:09.963016 | controller | {
2025-07-30 10:43:09.963041 | controller |   "devstack_localrc": {
2025-07-30 10:43:09.963058 | controller |     "ADMIN_PASSWORD": "secretadmin",
2025-07-30 10:43:09.963072 | controller |     "DATABASE_PASSWORD": "secretdatabase",
2025-07-30 10:43:09.963086 | controller |     "DEBUG_LIBVIRT_COREDUMPS": true,
2025-07-30 10:43:09.963111 | controller |     "ENABLE_SYSCTL_MEM_TUNING": true,
2025-07-30 10:43:09.963124 | controller |     "ENABLE_SYSCTL_NET_TUNING": true,
2025-07-30 10:43:09.963136 | controller |     "ENABLE_ZSWAP": true,
2025-07-30 10:43:09.963148 | controller |     "ERROR_ON_CLONE": true,
2025-07-30 10:43:09.963160 | controller |     "FIXED_RANGE": "10.1.0.0/20",
2025-07-30 10:43:09.963175 | controller |     "FLOATING_RANGE": "172.24.5.0/24",
2025-07-30 10:43:09.963189 | controller |     "HOST_IP": "192.168.1.146",
2025-07-30 10:43:09.963200 | controller |     "IMAGE_URLS": "http://download.cirros-cloud.net/0.6.2/cirros-0.6.2-x86_64-disk.img, http://download.cirros-cloud.net/0.6.1/cirros-0.6.1-x86_64-disk.img",
2025-07-30 10:43:09.963213 | controller |     "IPV4_ADDRS_SAFE_TO_USE": "10.1.0.0/20",
2025-07-30 10:43:09.963224 | controller |     "LIBVIRT_TYPE": "qemu",
2025-07-30 10:43:09.963235 | controller |     "LOGFILE": "/opt/stack/logs/devstacklog.txt",
2025-07-30 10:43:09.963246 | controller |     "LOG_COLOR": false,
2025-07-30 10:43:09.963257 | controller |     "NETWORK_GATEWAY": "10.1.0.1",
2025-07-30 10:43:09.963277 | controller |     "NOVA_LIBVIRT_TB_CACHE_SIZE": 128,
2025-07-30 10:43:09.963290 | controller |     "NOVA_VNC_ENABLED": true,
2025-07-30 10:43:09.963302 | controller |     "NOVNC_FROM_PACKAGE": true,
2025-07-30 10:43:09.963314 | controller |     "OVN_DBS_LOG_LEVEL": "dbg",
2025-07-30 10:43:09.963325 | controller |     "PUBLIC_BRIDGE_MTU": 1500,
2025-07-30 10:43:09.963336 | controller |     "PUBLIC_NETWORK_GATEWAY": "172.24.5.1",
2025-07-30 10:43:09.963347 | controller |     "RABBIT_PASSWORD": "secretrabbit",
2025-07-30 10:43:09.963358 | controller |     "SERVICE_HOST": "192.168.1.146",
2025-07-30 10:43:09.963369 | controller |     "SERVICE_PASSWORD": "secretservice",
2025-07-30 10:43:09.963387 | controller |     "SWIFT_HASH": 1234123412341234,
2025-07-30 10:43:09.963399 | controller |     "SWIFT_REPLICAS": 1,
2025-07-30 10:43:09.963409 | controller |     "SWIFT_START_ALL_SERVICES": false,
2025-07-30 10:43:09.963420 | controller |     "VERBOSE": true,
2025-07-30 10:43:09.963431 | controller |     "VERBOSE_NO_TIMESTAMP": true
2025-07-30 10:43:09.963442 | controller |   }
2025-07-30 10:43:09.963454 | controller | }
2025-07-30 10:43:09.967903 | 
2025-07-30 10:43:09.967973 | TASK [Debug print "devstack_local_conf"]
2025-07-30 10:43:09.984507 | controller | ok:
2025-07-30 10:43:09.984610 | controller | {
2025-07-30 10:43:09.984633 | controller |   "devstack_local_conf": {
2025-07-30 10:43:09.984649 | controller |     "post-config": {
2025-07-30 10:43:09.984663 | controller |       "$NEUTRON_CONF": {
2025-07-30 10:43:09.984679 | controller |         "DEFAULT": {
2025-07-30 10:43:09.984692 | controller |           "global_physnet_mtu": 1500
2025-07-30 10:43:09.984704 | controller |         }
2025-07-30 10:43:09.984716 | controller |       }
2025-07-30 10:43:09.984728 | controller |     },
2025-07-30 10:43:09.984739 | controller |     "test-config": {
2025-07-30 10:43:09.984751 | controller |       "$TEMPEST_CONFIG": {
2025-07-30 10:43:09.984763 | controller |         "compute": {
2025-07-30 10:43:09.984776 | controller |           "min_compute_nodes": "1"
2025-07-30 10:43:09.984788 | controller |         },
2025-07-30 10:43:09.984800 | controller |         "service-clients": {
2025-07-30 10:43:09.984812 | controller |           "http_timeout": 90
2025-07-30 10:43:09.984823 | controller |         }
2025-07-30 10:43:09.984834 | controller |       }
2025-07-30 10:43:09.984846 | controller |     }
2025-07-30 10:43:09.984857 | controller |   }
2025-07-30 10:43:09.984868 | controller | }
2025-07-30 10:43:09.989666 | 
2025-07-30 10:43:09.989729 | TASK [Debug print "devstack_plugins"]
2025-07-30 10:43:10.006045 | controller | ok:
2025-07-30 10:43:10.006153 | controller | {
2025-07-30 10:43:10.006176 | controller |   "devstack_plugins": "VARIABLE IS NOT DEFINED!: 'devstack_plugins' is undefined. 'devstack_plugins' is undefined"
2025-07-30 10:43:10.006195 | controller | }
2025-07-30 10:43:10.010376 | 
2025-07-30 10:43:10.010437 | TASK [Debug print "devstack_services"]
2025-07-30 10:43:10.026705 | controller | ok:
2025-07-30 10:43:10.026802 | controller | {
2025-07-30 10:43:10.026823 | controller |   "devstack_services": {
2025-07-30 10:43:10.026839 | controller |     "base": false,
2025-07-30 10:43:10.026853 | controller |     "c-api": true,
2025-07-30 10:43:10.026865 | controller |     "c-bak": false,
2025-07-30 10:43:10.026876 | controller |     "c-sch": true,
2025-07-30 10:43:10.026887 | controller |     "c-vol": true,
2025-07-30 10:43:10.026898 | controller |     "dstat": false,
2025-07-30 10:43:10.026909 | controller |     "etcd3": true,
2025-07-30 10:43:10.026920 | controller |     "file_tracker": true,
2025-07-30 10:43:10.026931 | controller |     "g-api": true,
2025-07-30 10:43:10.026943 | controller |     "horizon": false,
2025-07-30 10:43:10.026954 | controller |     "key": true,
2025-07-30 10:43:10.026965 | controller |     "memory_tracker": true,
2025-07-30 10:43:10.026976 | controller |     "mysql": true,
2025-07-30 10:43:10.026987 | controller |     "n-api": true,
2025-07-30 10:43:10.026998 | controller |     "n-api-meta": true,
2025-07-30 10:43:10.027009 | controller |     "n-cond": true,
2025-07-30 10:43:10.027020 | controller |     "n-cpu": true,
2025-07-30 10:43:10.027030 | controller |     "n-novnc": true,
2025-07-30 10:43:10.027041 | controller |     "n-sch": true,
2025-07-30 10:43:10.027052 | controller |     "neutron-placement": true,
2025-07-30 10:43:10.027063 | controller |     "neutron-qos": true,
2025-07-30 10:43:10.027074 | controller |     "openstack-cli-server": true,
2025-07-30 10:43:10.027085 | controller |     "ovn-controller": true,
2025-07-30 10:43:10.027105 | controller |     "ovn-northd": true,
2025-07-30 10:43:10.027118 | controller |     "ovs-vswitchd": true,
2025-07-30 10:43:10.027136 | controller |     "ovsdb-server": true,
2025-07-30 10:43:10.027148 | controller |     "placement-api": true,
2025-07-30 10:43:10.027159 | controller |     "q-ovn-agent": true,
2025-07-30 10:43:10.027170 | controller |     "q-svc": true,
2025-07-30 10:43:10.027181 | controller |     "rabbit": true,
2025-07-30 10:43:10.027191 | controller |     "s-account": false,
2025-07-30 10:43:10.027203 | controller |     "s-container": false,
2025-07-30 10:43:10.027215 | controller |     "s-object": false,
2025-07-30 10:43:10.027227 | controller |     "s-proxy": false,
2025-07-30 10:43:10.027238 | controller |     "tempest": true,
2025-07-30 10:43:10.027252 | controller |     "tls-proxy": true
2025-07-30 10:43:10.027271 | controller |   }
2025-07-30 10:43:10.027284 | controller | }
2025-07-30 10:43:10.044229 | 
2025-07-30 10:43:10.044287 | PLAY RECAP
2025-07-30 10:43:10.044324 | controller | ok: 10 changed: 5 unreachable: 0 failed: 0 skipped: 0 rescued: 0 ignored: 0
2025-07-30 10:43:10.044342 | 
2025-07-30 10:43:10.110531 | PRE-RUN END RESULT_NORMAL: [trusted : cinderci-sf.dev.purestorage.com/thirdparty-ci-config/playbooks/devstack/pre-devstack.yaml@master]
2025-07-30 10:43:10.115041 | RUN START: [trusted : cinderci-sf.dev.purestorage.com/thirdparty-ci-config/playbooks/devstack/pure-devstack.yaml@master]
2025-07-30 10:43:10.577270 | 
2025-07-30 10:43:10.577367 | PLAY [all]
2025-07-30 10:43:10.595560 | 
2025-07-30 10:43:10.595643 | TASK [pure-setup : Provide hardware and netowrk debug information]
2025-07-30 10:43:11.036889 | controller | 00:00.0 Host bridge: Intel Corporation 82G33/G31/P35/P31 Express DRAM Controller
2025-07-30 10:43:11.037189 | controller | 	Subsystem: Red Hat, Inc. QEMU Virtual Machine
2025-07-30 10:43:11.037198 | controller | 	Control: I/O+ Mem+ BusMaster- SpecCycle- MemWINV- VGASnoop- ParErr- Stepping- SERR+ FastB2B- DisINTx-
2025-07-30 10:43:11.037202 | controller | 	Status: Cap- 66MHz- UDF- FastB2B- ParErr- DEVSEL=fast >TAbort- <TAbort- <MAbort- >SERR- <PERR- INTx-
2025-07-30 10:43:11.037206 | controller |
2025-07-30 10:43:11.037210 | controller | 00:01.0 VGA compatible controller: Red Hat, Inc. Virtio 1.0 GPU (rev 01) (prog-if 00 [VGA controller])
2025-07-30 10:43:11.037213 | controller | 	Subsystem: Red Hat, Inc. Virtio 1.0 GPU
2025-07-30 10:43:11.037217 | controller | 	Control: I/O+ Mem+ BusMaster+ SpecCycle- MemWINV- VGASnoop- ParErr- Stepping- SERR+ FastB2B- DisINTx-
2025-07-30 10:43:11.037220 | controller | 	Status: Cap+ 66MHz- UDF- FastB2B- ParErr- DEVSEL=fast >TAbort- <TAbort- <MAbort- >SERR- <PERR- INTx-
2025-07-30 10:43:11.037223 | controller | 	Latency: 0
2025-07-30 10:43:11.037226 | controller | 	Interrupt: pin A routed to IRQ 21
2025-07-30 10:43:11.037230 | controller | 	Region 0: Memory at fb800000 (32-bit, prefetchable) [size=8M]
2025-07-30 10:43:11.037233 | controller | 	Region 2: Memory at 388800000000 (64-bit, prefetchable) [size=16K]
2025-07-30 10:43:11.037236 | controller | 	Region 4: Memory at fea10000 (32-bit, non-prefetchable) [size=4K]
2025-07-30 10:43:11.037240 | controller | 	Expansion ROM at 000c0000 [disabled] [size=128K]
2025-07-30 10:43:11.037243 | controller | 	Capabilities: <access denied>
2025-07-30 10:43:11.037246 | controller | 	Kernel driver in use: virtio-pci
2025-07-30 10:43:11.037249 | controller |
2025-07-30 10:43:11.037252 | controller | 00:02.0 PCI bridge: Red Hat, Inc. QEMU PCIe Root port (prog-if 00 [Normal decode])
2025-07-30 10:43:11.037256 | controller | 	Subsystem: Red Hat, Inc. QEMU PCIe Root port
2025-07-30 10:43:11.037259 | controller | 	Control: I/O+ Mem+ BusMaster+ SpecCycle- MemWINV- VGASnoop- ParErr- Stepping- SERR+ FastB2B- DisINTx+
2025-07-30 10:43:11.037262 | controller | 	Status: Cap+ 66MHz- UDF- FastB2B- ParErr- DEVSEL=fast >TAbort- <TAbort- <MAbort- >SERR- <PERR- INTx-
2025-07-30 10:43:11.037265 | controller | 	Latency: 0
2025-07-30 10:43:11.037268 | controller | 	Interrupt: pin A routed to IRQ 22
2025-07-30 10:43:11.037272 | controller | 	Region 0: Memory at fea11000 (32-bit, non-prefetchable) [size=4K]
2025-07-30 10:43:11.037275 | controller | 	Bus: primary=00, secondary=01, subordinate=02, sec-latency=0
2025-07-30 10:43:11.037291 | controller | 	I/O behind bridge: c000-cfff [size=4K] [16-bit]
2025-07-30 10:43:11.037294 | controller | 	Memory behind bridge: fc600000-fc9fffff [size=4M] [32-bit]
2025-07-30 10:43:11.037297 | controller | 	Prefetchable memory behind bridge: 388000000000-3887ffffffff [size=32G] [32-bit]
2025-07-30 10:43:11.037301 | controller | 	Secondary status: 66MHz- FastB2B- ParErr- DEVSEL=fast >TAbort- <TAbort- <MAbort- <SERR- <PERR-
2025-07-30 10:43:11.037304 | controller | 	BridgeCtl: Parity- SERR+ NoISA- VGA- VGA16- MAbort- >Reset- FastB2B-
2025-07-30 10:43:11.037307 | controller | 		PriDiscTmr- SecDiscTmr- DiscTmrStat- DiscTmrSERREn-
2025-07-30 10:43:11.037312 | controller | 	Capabilities: <access denied>
2025-07-30 10:43:11.037315 | controller | 	Kernel driver in use: pcieport
2025-07-30 10:43:11.037318 | controller |
2025-07-30 10:43:11.037322 | controller | 00:02.1 PCI bridge: Red Hat, Inc. QEMU PCIe Root port (prog-if 00 [Normal decode])
2025-07-30 10:43:11.037325 | controller | 	Subsystem: Red Hat, Inc. QEMU PCIe Root port
2025-07-30 10:43:11.037328 | controller | 	Control: I/O+ Mem+ BusMaster+ SpecCycle- MemWINV- VGASnoop- ParErr- Stepping- SERR+ FastB2B- DisINTx+
2025-07-30 10:43:11.037331 | controller | 	Status: Cap+ 66MHz- UDF- FastB2B- ParErr- DEVSEL=fast >TAbort- <TAbort- <MAbort- >SERR- <PERR- INTx-
2025-07-30 10:43:11.037335 | controller | 	Latency: 0
2025-07-30 10:43:11.037341 | controller | 	Interrupt: pin A routed to IRQ 22
2025-07-30 10:43:11.037345 | controller | 	Region 0: Memory at fea12000 (32-bit, non-prefetchable) [size=4K]
2025-07-30 10:43:11.037348 | controller | 	Bus: primary=00, secondary=03, subordinate=03, sec-latency=0
2025-07-30 10:43:11.037351 | controller | 	I/O behind bridge: [disabled] [16-bit]
2025-07-30 10:43:11.037354 | controller | 	Memory behind bridge: fe800000-fe9fffff [size=2M] [32-bit]
2025-07-30 10:43:11.037357 | controller | 	Prefetchable memory behind bridge: 387800000000-387fffffffff [size=32G] [32-bit]
2025-07-30 10:43:11.037360 | controller | 	Secondary status: 66MHz- FastB2B- ParErr- DEVSEL=fast >TAbort- <TAbort- <MAbort- <SERR- <PERR-
2025-07-30 10:43:11.037368 | controller | 	BridgeCtl: Parity- SERR+ NoISA- VGA- VGA16- MAbort- >Reset- FastB2B-
2025-07-30 10:43:11.037371 | controller | 		PriDiscTmr- SecDiscTmr- DiscTmrStat- DiscTmrSERREn-
2025-07-30 10:43:11.037374 | controller | 	Capabilities: <access denied>
2025-07-30 10:43:11.037377 | controller | 	Kernel driver in use: pcieport
2025-07-30 10:43:11.037381 | controller |
2025-07-30 10:43:11.037386 | controller | 00:02.2 PCI bridge: Red Hat, Inc. QEMU PCIe Root port (prog-if 00 [Normal decode])
2025-07-30 10:43:11.037389 | controller | 	Subsystem: Red Hat, Inc. QEMU PCIe Root port
2025-07-30 10:43:11.037392 | controller | 	Control: I/O+ Mem+ BusMaster+ SpecCycle- MemWINV- VGASnoop- ParErr- Stepping- SERR+ FastB2B- DisINTx+
